[[[183 190 218]
  [184 191 219]
  [184 191 219]
  ...
  [ 60  97 167]
  [ 60  97 167]
  [ 60  97 167]]

 [[183 190 218]
  [184 191 219]
  [184 191 219]
  ...
  [ 60  97 167]
  [ 60  97 167]
  [ 60  97 167]]

 [[183 190 218]
  [184 191 219]
  [184 191 219]
  ...
  [ 60  97 167]
  [ 60  97 167]
  [ 60  97 167]]

 ...

 [[  4  48  51]
  [  4  48  51]
  [  5  49  52]
  ...
  [  0  30  40]
  [  0  32  41]
  [  0  32  41]]

 [[  0  33  35]
  [  0  33  33]
  [  0  33  35]
  ...
  [  0  30  40]
  [  0  32  41]
  [  0  32  41]]

 [[  5  43  44]
  [  3  42  41]
  [  1  39  40]
  ...
  [  0  31  40]
  [  0  32  41]
  [  0  32  41]]]